_C_44d3_5d81e243_36 8c 0 1f8 0 0 3d202568 0 616e6b20 0 74652062 0 74697661 0 67204163 0 7572696e 0 6f6e2064 0 6c617469 0 2076696f 0 74524643 0 4f523a20 0 20455252 0 65202574 0 2074696d 0 3a206174 0 256d20 
_C_44d3_5d81e243_3b 8c 0 1a8 0 0 52656164 0 666f7220 0 74656420 0 74697661 0 74204163 0 73206e6f 0 6e6b2069 0 3a204261 0 52524f52 0 25742045 0 696d6520 0 61742074 0 6d203a20 0 25 
_C_44d3_5d81e243_4e 9c 0 20 0 40508000 
_C_44d3_5d81e243_1f 8c 0 1f8 0 0 61766564 0 65726c65 0 20496e74 0 2020203d 0 20202020 0 54797065 0 72737420 0 20204275 0 20202020 0 20202020 0 20202020 0 20202020 0 20202020 0 20202020 0 3a202020 0 256d20 
_C_44d3_5d81e243_22 8c 0 250 0 0 63657373 0 6e204163 0 6174696f 0 204c6f63 0 6e676c65 0 3d205369 0 6f646520 0 7374204d 0 20427572 0 72697465 0 20202057 0 20202020 0 20202020 0 20202020 0 20202020 0 20202020 0 20202020 0 203a2020 0 256d 
_C_44d3_5d81e243_4f 9c 0 20 0 402e0000 
_C_44d3_5d81e243_55 94 0 40 0 0 0 0 0 
_C_44d3_5d81e243_4c 94 0 40 0 0 1 0 0 
_C_44d3_5d81e243_46 8c 0 258 0 0 2044514d 0 6520746f 0 5a206475 0 2048692d 0 7461203d 0 2c204461 0 3d202568 0 436f6c20 0 25682c20 0 77203d20 0 6820526f 0 203d2025 0 42616e6b 0 54453a20 0 20575249 0 65202574 0 2074696d 0 3a206174 0 256d20 
_C_44d3_5d81e243_50 9c 0 20 0 40000000 
_C_44d3_5d81e243_51 9c 0 20 0 404e0000 
_C_44d3_5d81e243_53 9c 0 20 0 40428000 
_C_44d3_5d81e243_c 8c 0 18 0 0 206e73 
_C_44d3_5d81e243_3a 8c 0 1a8 0 0 61726765 0 72656368 0 6e672050 0 64757269 0 696f6e20 0 6f6c6174 0 52207669 0 3a207457 0 52524f52 0 25742045 0 696d6520 0 61742074 0 6d203a20 0 25 
_C_44d3_5d81e243_3c 8c 0 188 0 0 52656164 0 696e6720 0 20647572 0 74696f6e 0 696f6c61 0 43442076 0 3a207452 0 52524f52 0 25742045 0 696d6520 0 61742074 0 6d203a20 0 25 
_C_44d3_5d81e243_41 8c 0 1f8 0 0 6e6b2030 0 72204261 0 6520666f 0 68617267 0 50726563 0 75746f20 0 616c2041 0 7465726e 0 7420496e 0 53746172 0 45203a20 0 204e4f54 0 65202574 0 2074696d 0 3a206174 0 256d20 
_C_44d3_5d81e243_3f 8c 0 270 0 0 61726765 0 72656368 0 75746f70 0 74682041 0 68207769 0 6e6b2025 0 65204261 0 57726974 0 75707420 0 74657272 0 6820696e 0 6e6b2025 0 64204261 0 20526561 0 5445203a 0 74204e4f 0 6d652025 0 74207469 0 203a2061 0 256d 
_C_44d3_5d81e243_42 8c 0 1f8 0 0 6e6b2031 0 72204261 0 6520666f 0 68617267 0 50726563 0 75746f20 0 616c2041 0 7465726e 0 7420496e 0 53746172 0 45203a20 0 204e4f54 0 65202574 0 2074696d 0 3a206174 0 256d20 
_C_44d3_5d81e243_43 8c 0 1f8 0 0 6e6b2032 0 72204261 0 6520666f 0 68617267 0 50726563 0 75746f20 0 616c2041 0 7465726e 0 7420496e 0 53746172 0 45203a20 0 204e4f54 0 65202574 0 2074696d 0 3a206174 0 256d20 
_C_44d3_5d81e243_6 8c 0 60 0 0 64212121 0 74207670 0 73746172 
_C_44d3_5d81e243_3d 8c 0 1f0 0 0 61726765 0 72656368 0 75746f70 0 74682041 0 65207769 0 57726974 0 75707420 0 74657272 0 6420696e 0 20526561 0 5445203a 0 74204e4f 0 6d652025 0 74207469 0 203a2061 0 256d 
_C_44d3_5d81e243_44 8c 0 1f8 0 0 6e6b2033 0 72204261 0 6520666f 0 68617267 0 50726563 0 75746f20 0 616c2041 0 7465726e 0 7420496e 0 53746172 0 45203a20 0 204e4f54 0 65202574 0 2074696d 0 3a206174 0 256d20 
_C_44d3_5d81e243_28 8c 0 230 0 0 70746564 0 6f727275 0 62652063 0 63616e20 0 61746120 0 2d2d2064 0 74656420 0 74697661 0 79206163 0 72656164 0 6b20616c 0 2042616e 0 524f523a 0 74204552 0 6d652025 0 74207469 0 203a2061 0 256d 
_C_44d3_5d81e243_14 8c 0 148 0 0 73746572 0 52656769 0 6f646520 0 6164204d 0 3a204c6f 0 4d522020 0 2574204c 0 696d6520 0 61742074 0 6d203a20 0 25 
_C_44d3_5d81e243_37 8c 0 1f8 0 0 3d202568 0 616e6b20 0 74652062 0 74697661 0 67204163 0 7572696e 0 6f6e2064 0 6c617469 0 2076696f 0 744d5244 0 4f523a20 0 20455252 0 65202574 0 2074696d 0 3a206174 0 256d20 
_C_44d3_5d81e243_29 8c 0 140 0 0 3d202568 0 526f7720 0 3d203020 0 616e6b20 0 203a2042 0 41435420 0 20257420 0 74696d65 0 20617420 0 256d203a 
_C_44d3_5d81e243_5 8c 0 a8 0 0 25682020 0 41544120 0 20505244 0 2025682c 0 41444452 0 50 
_C_44d3_5d81e243_48 8c 0 258 0 0 2044514d 0 6520746f 0 5a206475 0 2048692d 0 7461203d 0 2c204461 0 3d202568 0 436f6c20 0 25682c20 0 77203d20 0 6820526f 0 203d2025 0 42616e6b 0 44203a20 0 20524541 0 65202574 0 2074696d 0 3a206174 0 256d20 
_C_44d3_5d81e243_34 8c 0 1d8 0 0 6e6b2033 0 65206261 0 69766174 0 20416374 0 72696e67 0 6e206475 0 6174696f 0 76696f6c 0 74525020 0 4f523a20 0 20455252 0 65202574 0 2074696d 0 3a206174 0 256d20 
_C_44d3_5d81e243_31 8c 0 1d8 0 0 6e6b2032 0 65206261 0 69766174 0 20416374 0 72696e67 0 6e206475 0 6174696f 0 76696f6c 0 74525020 0 4f523a20 0 20455252 0 65202574 0 2074696d 0 3a206174 0 256d20 
_C_44d3_5d81e243_2e 8c 0 1d8 0 0 6e6b2031 0 65206261 0 69766174 0 20416374 0 72696e67 0 6e206475 0 6174696f 0 76696f6c 0 74525020 0 4f523a20 0 20455252 0 65202574 0 2074696d 0 3a206174 0 256d20 
_C_44d3_5d81e243_27 8c 0 1f8 0 0 73746572 0 52656769 0 6f646520 0 6164204d 0 67204c6f 0 7572696e 0 6f6e2064 0 6c617469 0 2076696f 0 744d5244 0 4f523a20 0 20455252 0 65202574 0 2074696d 0 3a206174 0 256d20 
_C_44d3_5d81e243_2b 8c 0 1d8 0 0 6e6b2030 0 65206261 0 69766174 0 20416374 0 72696e67 0 6e206475 0 6174696f 0 76696f6c 0 74525020 0 4f523a20 0 20455252 0 65202574 0 2074696d 0 3a206174 0 256d20 
_C_44d3_5d81e243_45 8c 0 1f0 0 0 3d202568 0 61746120 0 682c2044 0 203d2025 0 20436f6c 0 2025682c 0 6f77203d 0 25682052 0 6b203d20 0 2042616e 0 4954453a 0 74205752 0 6d652025 0 74207469 0 203a2061 0 256d 
_C_44d3_5d81e243_1 8c 0 c8 0 0 74652121 0 6d706c65 0 6520636f 0 77726974 0 25742920 0 696d6528 0 74 
_C_44d3_5d81e243_39 8c 0 1b0 0 0 61726765 0 72656368 0 6e672050 0 64757269 0 696f6e20 0 6f6c6174 0 53207669 0 20745241 0 524f523a 0 74204552 0 6d652025 0 74207469 0 203a2061 0 256d 
_C_44d3_5d81e243_33 8c 0 1d8 0 0 6e6b2033 0 65206261 0 69766174 0 20416374 0 72696e67 0 6e206475 0 6174696f 0 76696f6c 0 74524320 0 4f523a20 0 20455252 0 65202574 0 2074696d 0 3a206174 0 256d20 
_C_44d3_5d81e243_47 8c 0 1f0 0 0 3d202568 0 61746120 0 682c2044 0 203d2025 0 20436f6c 0 2025682c 0 6f77203d 0 25682052 0 6b203d20 0 2042616e 0 4144203a 0 74205245 0 6d652025 0 74207469 0 203a2061 0 256d 
_C_44d3_5d81e243_30 8c 0 1d8 0 0 6e6b2032 0 65206261 0 69766174 0 20416374 0 72696e67 0 6e206475 0 6174696f 0 76696f6c 0 74524320 0 4f523a20 0 20455252 0 65202574 0 2074696d 0 3a206174 0 256d20 
_C_44d3_5d81e243_2d 8c 0 1d8 0 0 6e6b2031 0 65206261 0 69766174 0 20416374 0 72696e67 0 6e206475 0 6174696f 0 76696f6c 0 74524320 0 4f523a20 0 20455252 0 65202574 0 2074696d 0 3a206174 0 256d20 
_C_44d3_5d81e243_2a 8c 0 1d8 0 0 6e6b2030 0 65206261 0 69766174 0 20416374 0 72696e67 0 6e206475 0 6174696f 0 76696f6c 0 74524320 0 4f523a20 0 20455252 0 65202574 0 2074696d 0 3a206174 0 256d20 
_C_44d3_5d81e243_24 8c 0 260 0 0 73746572 0 52656769 0 6f646520 0 6164204d 0 65204c6f 0 65666f72 0 67652062 0 63686172 0 20507265 0 74206265 0 206d7573 0 616e6b73 0 6c6c2062 0 523a2061 0 4552524f 0 20257420 0 74696d65 0 20617420 0 256d203a 
_C_44d3_5d81e243_25 8c 0 1f0 0 0 73746572 0 52656769 0 6f646520 0 6164204d 0 67204c6f 0 7572696e 0 6f6e2064 0 6c617469 0 2076696f 0 20745250 0 524f523a 0 74204552 0 6d652025 0 74207469 0 203a2061 0 256d 
_C_5d06_5d837d1d_1 8c 0 78 0 0 65746521 0 6f6d706c 0 74652063 0 577269 
_C_52d1_5d82e1b0_1 84 0 e0 0 0 0 0 0 0 0 0 0 0 0 0 0 0 0 
_C_44d3_5d81e243_35 8c 0 1f8 0 0 3d202568 0 616e6b20 0 74652062 0 74697661 0 67204163 0 7572696e 0 6f6e2064 0 6c617469 0 2076696f 0 74525244 0 4f523a20 0 20455252 0 65202574 0 2074696d 0 3a206174 0 256d20 
_C_44d3_5d81e243_a 94 0 20 0 0 fffffff7 
_C_44d3_5d81e243_7 8c 0 60 0 0 72212121 0 204f7665 0 54657374 
_C_44d3_5d81e243_26 8c 0 1f8 0 0 73746572 0 52656769 0 6f646520 0 6164204d 0 67204c6f 0 7572696e 0 6f6e2064 0 6c617469 0 2076696f 0 74524643 0 4f523a20 0 20455252 0 65202574 0 2074696d 0 3a206174 0 256d20 
_C_44d3_5d81e243_32 8c 0 140 0 0 3d202568 0 526f7720 0 3d203320 0 616e6b20 0 203a2042 0 41435420 0 20257420 0 74696d65 0 20617420 0 256d203a 
_C_44d3_5d81e243_9 94 0 20 0 0 13ec 
_C_44d3_5d81e243_e 8c 0 130 0 0 6e617465 0 65726d69 0 73742054 0 20427572 0 5420203a 0 74204253 0 6d652025 0 74207469 0 203a2061 0 256d 
_C_44d3_5d81e243_3 8c 0 2d0 0 0 3a257329 0 63686564 0 286d6174 0 25685d20 0 6174613a 0 61642064 0 68207265 0 74613a25 0 64206461 0 65637465 0 5b657870 0 25642920 0 4c656e28 0 75727374 0 68292062 0 64722825 0 61726164 0 25642920 0 436e7428 0 78695264 0 74292061 0 6d652825 0 7469 
_C_44d3_5d81e243_4 8c 0 a8 0 0 25682020 0 41544120 0 20505744 0 2025682c 0 41444452 0 50 
_C_44d3_5d81e243_1b 8c 0 1a8 0 0 203d2038 0 20202020 0 6e677468 0 74204c65 0 42757273 0 20202020 0 20202020 0 20202020 0 20202020 0 20202020 0 20202020 0 20202020 0 6d203a20 0 25 
_C_44d3_5d81e243_1a 8c 0 1a8 0 0 203d2034 0 20202020 0 6e677468 0 74204c65 0 42757273 0 20202020 0 20202020 0 20202020 0 20202020 0 20202020 0 20202020 0 20202020 0 6d203a20 0 25 
_C_44d3_5d81e243_19 8c 0 1a8 0 0 203d2032 0 20202020 0 6e677468 0 74204c65 0 42757273 0 20202020 0 20202020 0 20202020 0 20202020 0 20202020 0 20202020 0 20202020 0 6d203a20 0 25 
_C_44d3_5d81e243_18 8c 0 1a8 0 0 203d2031 0 20202020 0 6e677468 0 74204c65 0 42757273 0 20202020 0 20202020 0 20202020 0 20202020 0 20202020 0 20202020 0 20202020 0 6d203a20 0 25 
_C_44d3_5d81e243_1c 8c 0 1c0 0 0 46756c6c 0 20203d20 0 68202020 0 656e6774 0 7374204c 0 20427572 0 20202020 0 20202020 0 20202020 0 20202020 0 20202020 0 20202020 0 20202020 0 256d203a 
_C_44d3_5d81e243_11 8c 0 1c0 0 0 72657368 0 20526566 0 4175746f 0 696e6720 0 20647572 0 74696f6e 0 696f6c61 0 52502076 0 523a2074 0 4552524f 0 20257420 0 74696d65 0 20617420 0 256d203a 
_C_44d3_5d81e243_15 8c 0 1a8 0 0 203d2032 0 20202020 0 6e637920 0 4c617465 0 43415320 0 20202020 0 20202020 0 20202020 0 20202020 0 20202020 0 20202020 0 20202020 0 6d203a20 0 25 
_C_44d3_5d81e243_16 8c 0 1a8 0 0 203d2033 0 20202020 0 6e637920 0 4c617465 0 43415320 0 20202020 0 20202020 0 20202020 0 20202020 0 20202020 0 20202020 0 20202020 0 6d203a20 0 25 
_C_44d3_5d81e243_17 8c 0 1e0 0 0 72766564 0 52657365 0 20203d20 0 20202020 0 656e6379 0 204c6174 0 20434153 0 20202020 0 20202020 0 20202020 0 20202020 0 20202020 0 20202020 0 20202020 0 256d203a 
_C_44d3_5d81e243_3e 8c 0 1b0 0 0 72697465 0 6f722057 0 65642066 0 69766174 0 20416374 0 206e6f74 0 6b206973 0 2042616e 0 524f523a 0 74204552 0 6d652025 0 74207469 0 203a2061 0 256d 
_C_8db_5d838537_1 8c 0 130 0 0 2d2d2d20 0 2d2d2d2d 0 2d2d2d2d 0 2d2d2d2d 0 2d2d2d2d 0 2d2d2d2d 0 2d2d2d2d 0 2d2d2d2d 0 2d2d2d2d 0 2d2d 
_C_44d3_5d81e243_21 8c 0 258 0 0 6e677468 0 74204c65 0 42757273 0 6d656420 0 6772616d 0 2050726f 0 6465203d 0 74204d6f 0 42757273 0 69746520 0 20205772 0 20202020 0 20202020 0 20202020 0 20202020 0 20202020 0 20202020 0 3a202020 0 256d20 
_C_44d3_5d81e243_20 8c 0 1e0 0 0 72766564 0 52657365 0 20203d20 0 20202020 0 79706520 0 73742054 0 20427572 0 20202020 0 20202020 0 20202020 0 20202020 0 20202020 0 20202020 0 20202020 0 256d203a 
_C_44d3_5d81e243_10 8c 0 1c8 0 0 72657368 0 20526566 0 4175746f 0 696e6720 0 20647572 0 74696f6e 0 696f6c61 0 46432076 0 3a207452 0 52524f52 0 25742045 0 696d6520 0 61742074 0 6d203a20 0 25 
_C_44d3_5d81e243_1d 8c 0 1e0 0 0 72766564 0 52657365 0 20203d20 0 68202020 0 656e6774 0 7374204c 0 20427572 0 20202020 0 20202020 0 20202020 0 20202020 0 20202020 0 20202020 0 20202020 0 256d203a 
_C_44d3_5d81e243_1e 8c 0 1f0 0 0 7469616c 0 7175656e 0 3d205365 0 20202020 0 65202020 0 20547970 0 75727374 0 20202042 0 20202020 0 20202020 0 20202020 0 20202020 0 20202020 0 20202020 0 203a2020 0 256d 
_C_44d3_5d81e243_4d 84 0 10 0 ffff 0 
_C_44d3_5d81e243_2 8c 0 1b0 0 0 613a2568 0 77646174 0 25642920 0 4c656e28 0 75727374 0 68292062 0 64722825 0 61776164 0 25642920 0 436e7428 0 78695772 0 74292061 0 6d652825 0 7469 
_C_44d3_5d81e243_12 8c 0 230 0 0 72657368 0 20526566 0 4175746f 0 6f726520 0 20626566 0 61726765 0 72656368 0 62652050 0 75737420 0 6b73206d 0 2062616e 0 20416c6c 0 524f523a 0 74204552 0 6d652025 0 74207469 0 203a2061 0 256d 
_C_44d3_5d81e243_f 8c 0 118 0 0 72657368 0 20526566 0 4175746f 0 46203a20 0 20415245 0 65202574 0 2074696d 0 3a206174 0 256d20 
_C_44d3_5d81e243_40 8c 0 270 0 0 61726765 0 72656368 0 75746f70 0 74682041 0 68207769 0 6e6b2025 0 64204261 0 20526561 0 72757074 0 6e746572 0 25682069 0 616e6b20 0 74652042 0 20577269 0 5445203a 0 74204e4f 0 6d652025 0 74207469 0 203a2061 0 256d 
_C_5fea_5d81f1ed_1 84 0 20 0 0 0 
_C_44d3_5d81e243_23 8c 0 1e0 0 0 72766564 0 52657365 0 65203d20 0 204d6f64 0 75727374 0 74652042 0 20577269 0 20202020 0 20202020 0 20202020 0 20202020 0 20202020 0 20202020 0 20202020 0 256d203a 
_C_44d3_5d81e243_54 9c 0 20 0 401c0000 
_C_44d3_5d81e243_49 94 0 20 0 0 0 
_C_44d3_5d81e243_b 94 0 20 0 0 1 
_C_44d3_5d81e243_4a 94 0 20 0 0 2 
_C_44d3_5d81e243_4b 94 0 20 0 0 3 
_C_44d3_5d81e243_d 94 0 20 0 0 c 
_C_44d3_5d81e243_52 9c 0 20 0 402c0000 
_C_44d3_5d81e243_8 84 0 28 0 0 10 0 0 
_C_44d3_5d81e243_2f 8c 0 140 0 0 3d202568 0 526f7720 0 3d203220 0 616e6b20 0 203a2042 0 41435420 0 20257420 0 74696d65 0 20617420 0 256d203a 
_C_44d3_5d81e243_13 8c 0 1c8 0 0 72657368 0 20526566 0 4175746f 0 696e6720 0 20647572 0 74696f6e 0 696f6c61 0 52442076 0 3a20744d 0 52524f52 0 25742045 0 696d6520 0 61742074 0 6d203a20 0 25 
_C_44d3_5d81e243_2c 8c 0 140 0 0 3d202568 0 526f7720 0 3d203120 0 616e6b20 0 203a2042 0 41435420 0 20257420 0 74696d65 0 20617420 0 256d203a 
_C_44d3_5d81e243_38 8c 0 1b0 0 0 61726765 0 72656368 0 6e672050 0 64757269 0 746f6e20 0 6f6c6169 0 44207669 0 20744d52 0 524f523a 0 74204552 0 6d652025 0 74207469 0 203a2061 0 256d 
